1, 3, 6, 10, 15, 21, 28, 36, 45, 55, 
Is triangular == TRI

TESTING:



    TEST 1:
    1+2+3
    ==
    6 = TRI

    TEST 2:
    3
    ==
    1+2
    ==
    1+1+1 = TRI

    6
    ==
    1+2+3
    ==
    1+1+1+1+1+1 
    ==



    TEST 3:
    Take remainder of 5 for every value that you're composing your number with.
    Then add up all numbers you're left with
    1 + 3


    TEST 4:
    1, 3, 6, 10, 15, 21, 28, 36, 45, 55, 
             11, 15, 20, 26  37, 45, 
             -1,  0,  1,  1, -1,  0,

    TEST 5:
    X = 2
    +2+1
    1, 3, 6, 10, 15, 21, 28, 36, 45, 55, 
     ?, ?, ?, V,

    TEST 6:
    1, 3, 6, 10, 15, 21, 28, 36, 45, 55, 66, 78, 91, 105  
    +create:  5,  5,  6,  6,  9, 10, 10  10, 11, 
    +-bonus: -1,  0,  1,  1, -1, -2,  0,  1,  2, 
    outcome: 11, 15, 20, 26  37, 47, 55  65, 76,


    TEST 7:
    1, 3, 6, 10, 15, 21, 28, 36, 45, 55, 66, 78, 91, 105, 120, 136, 153, 171, 190, 210, 231, 253, 276, 300, 325, 351, 378, 406, 435, 465, 496, 528, 561, 595, 630, 666, 703, 741, 780, 820, 861, 903, 946, 990, 1035, 1081, 1128, 1176, 1225, 1275
    + rest:,  5,  5,  5,  6,  9, 10, 10, 10, 11, 14,  15, 
    +-bonus:+ 0,+ 0,+ 1,+ 1,- 1,- 1,+ 0,+ 1,+ 1,- 1,-  1,
    

    1, 3, 6, 10, 15, 21, 28, 36, 45, 55, 66,

    1, 3, 6, 10,
    sum(1, 3, 1, 0) = 5
    laatste getal + uitkomst

    1, 3, 6, 10, 15,
    sum(1, 3, 1, 0, 0) = 5
    laatste getal + uitkomst

som(0)= 0
som(0+1) = 1
som(0+1+2) = 3
som(0 + 1 + 2 + 3) = 6
som(0 + 1 +2 +3 +4) = 10



    TEST 8:
    1,  3,  6,  10,  15,  21,  28,  36,  45,  55,  66,  78,  91,  105,  120,  136,  153,  171,  190,  210,  231,  253,  276,  300,  325,  351,  378,  406,  435,  465,  496,
    0,  1,  1,   1,   2,   2,   2,   3,   3,   3,   4,   4,   4,    5,    5,    5,    6,    6,    6,    7,    7,    7,    8,    8,    8,    9,    9,    9,   10,   10,   10,
    +2, +2, +3,  +4,  +4,  +5,  +6,  +6,  +7,  +8,  +8,  +9, +10,  +10,  +11,  +12,  +12,  +13,  +14,  +14,  +15,  +16,  +16,  +17,  +18,  +18,  +19,  +20,  +20,  +21,  +22,

    528,  561,  595,  630,  666,  703,  741,  780,  820,  861,  903,  946,  990,  1035,  1081,  1128,  1176,  1225,  1275,  1326,  1378,  1431,  1485,  1540,  1596,  1653,
    11,   11,   11,   12,   12,   12,   13,   13,   13,   14,   14,   14,   15,    15,    15,    16,    16,    16,    17,    17,    17,    18,    18,    18,    19,    19,
    +22,  +23,  +24,  +24,  +25,  +26,  +26,  +27,  +28,  +28,  +29,  +30,  +30,   +31,   +32,   +32,   +33,   +34,   +34,   +35,   +36,   +36,   +37,   +38,   +38,   +39,

    1711,  1770,  1830,  1891,  1953,  2016,  2080,  2145,  2211,  2278,  2346,  2415,  2485,  2556,  2628,  2701,  2775,  2850,  2926,  3003,  3081,  3160,  3240,  3321,  3
    19,    20,    20,    20,    21,    21,    21,    22,    22,    22,    23,    23,    23,    24,    24,    24,    25,    25,    25,    26,    26,    26,    27,    27,
    +40,   +40,   +41,   +42,   +42,   +43,   +44,   +44,   +45,   +46,   +46,   +47,   +48,   +48,   +49,   +50,   +50,   +51,   +52,   +52,   +53,   +54,   +54,   +55,

    403,  3486,  3570,  3655,  3741,  3828,  3916,  4005,  4095,  4186,  4278,  4371,  4465,  4560,  4656,  4753,  4851,  4950,
    27,    28,    28,    28,    29,    29,    29,    30,    30,    30,    31,    31,    31,    32,    32,    32,    33,    33,
    +56,   +56,   +57,   +58,   +58,   +59,   +60,   +60,   +61,   +62,   +62,   +63,   +64,   +64,   +65,   +66,   +66,   +67,
